{
 "cells": [
  {
   "cell_type": "code",
   "execution_count": 2,
   "metadata": {},
   "outputs": [
    {
     "name": "stderr",
     "output_type": "stream",
     "text": [
      "/data2/zzx/playground/python_playground/venv/lib/python3.8/site-packages/tqdm/auto.py:21: TqdmWarning: IProgress not found. Please update jupyter and ipywidgets. See https://ipywidgets.readthedocs.io/en/stable/user_install.html\n",
      "  from .autonotebook import tqdm as notebook_tqdm\n"
     ]
    }
   ],
   "source": [
    "from transformers import AutoModel, AutoTokenizer\n",
    "\n",
    "model_name = \"bert-base-cased\"\n",
    "\n",
    "tokenizer = AutoTokenizer.from_pretrained(model_name)\n",
    "input = tokenizer(\"who are you?\", return_tensors=\"pt\")\n",
    "\n",
    "model = AutoModel.from_pretrained(model_name)"
   ]
  },
  {
   "cell_type": "code",
   "execution_count": 4,
   "metadata": {},
   "outputs": [
    {
     "name": "stdout",
     "output_type": "stream",
     "text": [
      "BaseModelOutputWithPoolingAndCrossAttentions(last_hidden_state=tensor([[[ 0.4534,  0.0048,  0.3021,  ..., -0.2360,  0.3105, -0.3237],\n",
      "         [ 0.6412, -0.7474,  0.4806,  ..., -0.6010, -0.0829, -0.1365],\n",
      "         [ 0.5216, -0.6310, -0.0796,  ..., -0.4593,  0.0232,  0.0280],\n",
      "         [ 0.5493, -0.1544,  0.3992,  ..., -0.7045, -0.0326,  0.0830],\n",
      "         [ 0.3815, -0.3139,  0.0893,  ..., -0.2198, -0.0335,  0.0549],\n",
      "         [ 0.9993, -0.1904, -0.4589,  ..., -0.9520,  0.9027, -0.6858]]],\n",
      "       grad_fn=<NativeLayerNormBackward0>), pooler_output=tensor([[-6.5293e-01,  4.7119e-01,  9.9988e-01, -9.9515e-01,  9.7779e-01,\n",
      "          9.2096e-01,  9.8775e-01, -9.9645e-01, -9.8356e-01, -6.4453e-01,\n",
      "          9.7750e-01,  9.9908e-01, -9.9879e-01, -9.9978e-01,  8.7060e-01,\n",
      "         -9.7742e-01,  9.8855e-01, -5.6658e-01, -9.9997e-01, -8.1522e-01,\n",
      "         -6.9481e-01, -9.9989e-01,  2.8741e-01,  9.8072e-01,  9.8222e-01,\n",
      "          4.4536e-02,  9.8613e-01,  9.9998e-01,  9.2089e-01, -3.1018e-01,\n",
      "          3.4961e-01, -9.9175e-01,  8.5672e-01, -9.9870e-01,  1.6372e-01,\n",
      "          2.0545e-01,  7.4439e-01, -2.8546e-01,  8.8334e-01, -9.4757e-01,\n",
      "         -8.0458e-01, -8.3042e-01,  8.2724e-01, -5.1978e-01,  9.1690e-01,\n",
      "         -1.5346e-02, -4.0022e-02, -8.3545e-02,  2.5822e-02,  9.9968e-01,\n",
      "         -9.6372e-01,  9.9466e-01, -9.9771e-01,  9.9442e-01,  9.9689e-01,\n",
      "          2.7463e-01,  9.9661e-01,  1.0610e-01, -9.9945e-01,  3.1195e-01,\n",
      "          9.6688e-01,  1.9067e-01,  9.2396e-01, -1.7806e-01,  5.8024e-01,\n",
      "         -4.7507e-01, -9.2659e-01,  5.3365e-02, -5.0387e-01,  1.3318e-01,\n",
      "          1.9198e-01,  4.0570e-01,  9.8886e-01, -9.1027e-01,  2.9177e-02,\n",
      "         -8.9033e-01, -6.1921e-02, -9.9991e-01,  9.4256e-01,  9.9996e-01,\n",
      "          8.7246e-01, -9.9978e-01,  9.9638e-01, -2.4431e-01, -8.4060e-01,\n",
      "          7.8075e-01, -9.9946e-01, -9.9959e-01,  2.6394e-02, -5.2458e-01,\n",
      "          9.0842e-01, -9.8204e-01,  8.5997e-01, -9.2925e-01,  9.9998e-01,\n",
      "         -8.9382e-01, -1.1907e-01,  4.4402e-01,  9.3651e-01, -8.6804e-01,\n",
      "         -8.0285e-01,  9.4426e-01,  9.9959e-01, -9.9721e-01,  9.9928e-01,\n",
      "          8.4652e-01, -9.4689e-01, -9.0859e-01,  8.5419e-01,  3.0192e-02,\n",
      "          9.8921e-01, -9.9051e-01, -9.3207e-01,  2.7975e-02,  9.6673e-01,\n",
      "         -9.5652e-01,  9.8895e-01,  8.4759e-01, -3.1015e-01,  9.9998e-01,\n",
      "         -1.5679e-01,  9.7741e-01,  9.9904e-01,  9.0376e-01, -9.0906e-01,\n",
      "         -2.4343e-01, -8.1684e-01,  9.4411e-01, -6.7285e-01, -5.2583e-01,\n",
      "          8.0592e-01, -9.9157e-01, -9.9894e-01,  9.9961e-01, -2.8503e-01,\n",
      "          9.9997e-01, -9.9935e-01,  9.9513e-01, -9.9995e-01, -8.9715e-01,\n",
      "         -7.5884e-01,  6.0675e-02, -9.9087e-01,  2.4194e-01,  9.9253e-01,\n",
      "          1.0429e-01, -9.3984e-01, -8.6246e-01,  7.0045e-01, -8.6224e-01,\n",
      "          6.2467e-01,  6.7393e-01, -9.7277e-01,  9.8484e-01,  9.9873e-01,\n",
      "          9.7214e-01,  9.7868e-01,  9.9075e-02, -9.7311e-01,  9.2099e-01,\n",
      "          9.8151e-01, -9.9973e-01,  9.1209e-01, -9.9681e-01,  9.9944e-01,\n",
      "          9.7297e-01,  8.8408e-01, -9.9772e-01,  9.9993e-01, -7.1529e-01,\n",
      "         -3.0221e-01, -1.9574e-01, -1.0313e-02, -9.9959e-01,  4.2069e-01,\n",
      "          5.1100e-01,  8.1800e-01,  9.9945e-01, -9.9635e-01,  9.9950e-01,\n",
      "          8.9445e-01,  1.1166e-01,  7.4638e-01,  9.9939e-01, -9.9724e-01,\n",
      "         -9.7887e-01, -9.8914e-01,  8.6010e-02,  8.2746e-01,  8.1869e-01,\n",
      "          5.7438e-01,  9.7161e-01,  9.9939e-01,  7.7247e-01, -9.9806e-01,\n",
      "         -3.5147e-01,  9.8069e-01, -1.5243e-01,  9.9998e-01, -6.6522e-01,\n",
      "         -9.9984e-01, -6.6033e-01,  9.3650e-01,  9.9500e-01, -3.4535e-01,\n",
      "          9.8689e-01, -7.7642e-01, -2.2916e-01,  9.9213e-01, -9.8544e-01,\n",
      "          9.9917e-01,  7.3476e-01,  8.6462e-01,  8.8374e-01,  9.9481e-01,\n",
      "         -9.4628e-01, -1.3178e-01,  2.0872e-01, -7.5613e-01,  9.9990e-01,\n",
      "         -9.9964e-01, -2.2978e-01,  5.5541e-01, -9.9547e-01, -9.9856e-01,\n",
      "          9.8793e-01, -4.2410e-02, -8.9074e-01, -2.7966e-01,  8.3623e-01,\n",
      "          1.9856e-01,  9.4770e-01,  9.9035e-01, -6.7330e-01, -7.8070e-01,\n",
      "         -9.9985e-01, -9.9845e-01, -8.8360e-01, -9.6846e-01, -2.4854e-02,\n",
      "          6.8336e-01, -4.5172e-01, -9.3747e-01, -9.9930e-01,  9.7515e-01,\n",
      "          8.5653e-01, -9.3576e-01,  8.0523e-02, -7.4033e-01, -9.9910e-01,\n",
      "          7.0768e-01, -8.7465e-01, -9.9850e-01,  9.9961e-01, -8.9437e-01,\n",
      "          9.9735e-01,  9.8061e-01, -9.9580e-01,  8.8830e-01, -9.9951e-01,\n",
      "         -1.0033e-01, -9.8885e-01,  4.7321e-01,  7.8352e-01, -7.7926e-01,\n",
      "         -2.4519e-02,  9.9587e-01, -9.7223e-01, -8.5929e-01,  8.2567e-01,\n",
      "         -9.9992e-01,  9.5416e-01, -3.0899e-01,  9.9945e-01,  8.2259e-01,\n",
      "          1.7513e-02,  9.7983e-01,  9.4261e-01, -9.8801e-01, -9.9984e-01,\n",
      "          9.3720e-01,  9.1145e-01, -9.9439e-01, -2.8687e-01,  9.9995e-01,\n",
      "         -9.9894e-01, -8.6661e-01, -9.6585e-01, -9.9604e-01, -9.9976e-01,\n",
      "          3.3344e-01, -9.0408e-01,  2.8945e-01,  9.8794e-01,  1.7835e-01,\n",
      "          1.8599e-01,  9.9537e-01,  9.9309e-01,  1.7234e-01, -5.2601e-01,\n",
      "          4.8377e-02, -9.8026e-01, -9.2397e-01,  8.5025e-01,  1.0308e-01,\n",
      "         -9.9997e-01,  9.9989e-01, -9.9674e-01,  9.8889e-01,  9.3245e-01,\n",
      "         -9.9799e-01,  8.6603e-01,  1.3963e-01, -9.7645e-01,  7.1684e-02,\n",
      "          9.9992e-01,  9.8883e-01, -6.0243e-02,  2.0511e-01,  8.8807e-01,\n",
      "         -3.1371e-01,  8.2105e-01, -8.7803e-01, -7.0951e-01,  2.1898e-01,\n",
      "         -9.4540e-01,  9.9537e-01,  7.7957e-01, -9.9249e-01,  9.9767e-01,\n",
      "         -3.9434e-03,  8.3672e-01, -8.8902e-01,  8.8180e-01,  9.9449e-01,\n",
      "          5.2410e-02, -5.4584e-01, -1.6501e-01,  3.5688e-02, -9.8934e-01,\n",
      "          2.4073e-01, -9.9823e-01, -6.7560e-01,  9.3960e-01,  9.9104e-01,\n",
      "         -9.9526e-01,  9.8917e-01, -9.1978e-02,  9.3605e-01, -9.9912e-01,\n",
      "          9.9999e-01, -9.9845e-01,  2.9203e-02,  7.8424e-01, -8.7031e-01,\n",
      "         -5.6687e-01,  9.9211e-01,  9.9344e-01,  9.8447e-01, -9.4548e-01,\n",
      "         -8.1204e-01,  8.8282e-01,  9.7063e-01, -9.7962e-01, -9.1585e-02,\n",
      "         -9.9973e-01, -8.0106e-01,  9.9502e-01,  9.9791e-01, -2.3101e-02,\n",
      "         -5.1830e-02, -9.9872e-01,  9.7389e-01, -9.0254e-01, -9.2695e-01,\n",
      "         -6.3597e-02, -9.1350e-01,  9.1353e-01,  9.9889e-01, -8.6300e-01,\n",
      "          7.6146e-01,  1.5478e-01, -9.8756e-01,  9.2165e-01,  8.8811e-01,\n",
      "          9.9991e-01, -9.7270e-01,  5.8717e-01,  9.9043e-01, -2.8293e-01,\n",
      "         -8.4439e-01,  6.5776e-01,  9.9955e-01, -9.8354e-01, -2.5194e-01,\n",
      "         -9.9971e-01, -3.5538e-03, -6.4864e-01, -4.3170e-01, -5.4496e-01,\n",
      "          5.6071e-02, -9.2721e-01,  9.7656e-01,  4.8463e-02,  8.3262e-01,\n",
      "         -3.7701e-01,  9.8624e-01,  1.0786e-01, -6.4665e-02, -3.0487e-01,\n",
      "         -5.1421e-01,  4.6986e-01,  3.2470e-01,  9.8728e-01, -9.8411e-01,\n",
      "          9.9975e-01, -2.5183e-01, -9.9998e-01, -9.9864e-01, -8.8937e-01,\n",
      "         -9.9945e-01,  8.2091e-01, -9.9595e-01,  9.9044e-01,  9.3910e-01,\n",
      "         -9.9915e-01, -9.9958e-01, -9.9757e-01, -9.8833e-01,  8.9175e-01,\n",
      "          7.1596e-01,  3.0504e-02,  5.7634e-01, -3.0262e-01,  2.8950e-02,\n",
      "         -3.1862e-01, -4.8771e-02, -9.6931e-01, -6.6088e-01, -9.9924e-01,\n",
      "          8.4283e-01, -9.9997e-01, -8.1238e-01,  9.9846e-01, -9.9774e-01,\n",
      "         -9.2372e-01, -9.2136e-01, -8.5045e-01, -8.9024e-01,  4.5466e-01,\n",
      "          9.8768e-01, -2.6284e-01, -7.0837e-01, -9.9946e-01,  9.9107e-01,\n",
      "         -8.7296e-01,  5.8101e-02, -8.9792e-01, -9.7533e-01,  9.9977e-01,\n",
      "          9.0062e-01, -2.3820e-01,  5.8730e-04, -9.9896e-01,  9.9241e-01,\n",
      "         -9.6778e-01, -9.3353e-01, -9.8450e-01,  3.3879e-01, -9.5733e-01,\n",
      "         -9.9984e-01, -2.5177e-02,  9.9840e-01,  9.9373e-01,  9.8097e-01,\n",
      "          4.1851e-01, -3.8418e-01, -9.6665e-01,  8.2534e-02, -9.9996e-01,\n",
      "          8.3743e-01,  9.3615e-01, -9.8340e-01, -8.9992e-01,  9.9478e-01,\n",
      "          9.7941e-01, -9.7139e-01, -9.8991e-01,  9.3894e-01,  1.0666e-01,\n",
      "          9.8228e-01, -6.9974e-01, -4.6476e-01,  3.0148e-01, -1.6404e-02,\n",
      "         -9.9142e-01, -9.3960e-01,  9.9721e-01, -9.9962e-01,  9.8212e-01,\n",
      "          9.9748e-01,  9.9946e-01, -4.1911e-01,  1.9906e-01, -9.8936e-01,\n",
      "         -9.8149e-01, -6.7198e-01,  4.2605e-01, -9.9996e-01,  9.9991e-01,\n",
      "         -9.9998e-01,  7.2172e-01, -8.0462e-01,  8.9140e-01,  9.9230e-01,\n",
      "         -4.8164e-01, -9.9993e-01, -9.9984e-01, -7.6931e-02,  1.2799e-01,\n",
      "          9.9097e-01,  2.9690e-01,  2.4215e-01, -7.6754e-01,  1.4440e-01,\n",
      "          9.9793e-01, -7.7809e-01, -8.9095e-01, -9.9904e-01,  9.9975e-01,\n",
      "          6.9995e-01, -9.9867e-01,  9.9712e-01, -9.9959e-01,  9.6033e-01,\n",
      "          9.7866e-01,  8.9274e-01,  9.7922e-01, -9.9949e-01,  9.9998e-01,\n",
      "         -9.9984e-01,  9.9727e-01, -9.9998e-01, -9.9962e-01,  9.9985e-01,\n",
      "         -9.9316e-01, -7.4903e-01, -9.9979e-01, -9.9899e-01,  6.5580e-01,\n",
      "          1.3182e-01, -3.5439e-01,  9.9317e-01, -9.9985e-01, -9.9902e-01,\n",
      "         -3.7565e-01, -9.0644e-01, -8.5616e-01,  9.9735e-01, -7.6191e-01,\n",
      "          9.9294e-01, -1.8612e-01,  9.7131e-01,  4.2328e-01,  9.9837e-01,\n",
      "          9.9333e-01, -8.5781e-01, -8.3253e-01, -9.9402e-01,  9.8809e-01,\n",
      "         -7.0176e-01,  4.3092e-01,  9.7283e-01, -8.2626e-03, -9.0435e-01,\n",
      "          2.7532e-01, -9.9770e-01,  3.1576e-01, -8.6340e-02,  9.3380e-01,\n",
      "          9.1476e-01,  8.7940e-01, -1.6281e-01, -5.5596e-01, -3.2853e-01,\n",
      "         -9.9425e-01,  5.9618e-01, -9.9958e-01,  9.8343e-01, -9.6818e-01,\n",
      "          3.7760e-02, -3.8162e-01,  4.4423e-01, -9.7286e-01,  9.9968e-01,\n",
      "          9.9902e-01, -9.9132e-01,  3.6518e-02,  9.8925e-01, -8.7599e-01,\n",
      "          9.7494e-01, -9.9459e-01,  2.6854e-02,  9.7238e-01, -7.5195e-01,\n",
      "          9.8783e-01,  1.0041e-01, -1.0680e-01,  9.8131e-01, -9.9641e-01,\n",
      "         -9.4130e-01, -7.1902e-01,  4.0902e-01,  1.9066e-01, -9.7748e-01,\n",
      "          6.5598e-02,  9.9360e-01, -5.1654e-01, -9.9980e-01,  9.2078e-01,\n",
      "         -9.9955e-01, -1.2463e-01,  9.8244e-01, -7.7374e-02,  9.9994e-01,\n",
      "         -8.9197e-01,  9.5309e-02,  2.1968e-01, -9.9986e-01, -9.9961e-01,\n",
      "          1.0705e-01, -1.2037e-01, -9.4013e-01,  9.9962e-01, -1.7781e-01,\n",
      "          9.1111e-01, -9.9988e-01,  3.2697e-01,  9.9805e-01,  2.5623e-01,\n",
      "          8.9146e-01, -8.8335e-01, -9.7310e-01, -9.7093e-01, -6.5615e-01,\n",
      "          7.4936e-02,  9.2214e-01, -9.9347e-01, -8.2703e-01, -9.3943e-01,\n",
      "          9.9996e-01, -9.9858e-01, -9.1039e-01, -9.9191e-01,  4.0640e-01,\n",
      "          8.6203e-01,  4.0225e-01,  9.7152e-02, -9.0701e-01,  9.4278e-01,\n",
      "         -9.4674e-01,  9.9801e-01, -9.9546e-01, -9.9757e-01,  9.9983e-01,\n",
      "          6.0642e-01, -9.9775e-01,  3.2650e-01, -4.1455e-01,  4.8802e-01,\n",
      "          1.9395e-01,  8.4950e-01, -9.4150e-01, -1.8459e-01, -9.9800e-01,\n",
      "          7.7351e-01, -9.1344e-01, -9.9096e-01, -5.9831e-01, -3.8428e-01,\n",
      "         -9.8585e-01,  9.9595e-01,  9.7938e-01,  9.9996e-01, -9.9986e-01,\n",
      "          8.7488e-01,  1.3558e-02,  9.9945e-01,  7.6347e-02, -7.4379e-01,\n",
      "          9.1849e-01,  9.9973e-01, -8.3825e-01,  9.0783e-01, -8.1525e-02,\n",
      "          2.2005e-02,  4.6106e-01, -4.8158e-01,  9.9896e-01, -9.5370e-01,\n",
      "          3.2197e-01, -9.8028e-01, -9.9991e-01,  9.9993e-01,  1.6550e-02,\n",
      "          9.8814e-01,  2.3411e-01,  8.5826e-01, -9.1491e-01,  9.9012e-01,\n",
      "         -9.8302e-01, -9.2193e-01, -9.9998e-01,  1.0918e-01, -9.9245e-01,\n",
      "         -9.9182e-01,  4.9847e-02,  9.8906e-01, -9.9974e-01, -9.9363e-01,\n",
      "         -4.2096e-01, -9.9998e-01,  9.5625e-01, -9.9439e-01, -8.9043e-01,\n",
      "         -9.9098e-01,  9.9902e-01, -2.0874e-01, -8.4147e-01,  9.8205e-01,\n",
      "         -9.7619e-01,  9.7319e-01,  9.2801e-01, -4.5964e-01,  1.6829e-01,\n",
      "          1.7171e-01, -8.1207e-01, -9.9668e-01, -9.3221e-01, -9.7481e-01,\n",
      "          8.0567e-01, -9.9070e-01, -8.7996e-01,  9.9738e-01,  9.8734e-01,\n",
      "         -9.9937e-01, -9.9716e-01,  9.9744e-01,  4.3452e-01,  9.9368e-01,\n",
      "         -5.8792e-01, -9.9989e-01, -9.9993e-01,  1.3930e-01,  5.0615e-02,\n",
      "          9.9600e-01, -4.5293e-01,  9.7166e-01,  7.2143e-01, -6.0326e-01,\n",
      "          7.2767e-01, -7.7331e-01, -4.5161e-01, -5.7689e-01, -1.9436e-01,\n",
      "          9.9997e-01, -8.8129e-01,  9.9179e-01]], grad_fn=<TanhBackward0>), hidden_states=None, past_key_values=None, attentions=(tensor([[[[6.4190e-01, 4.2076e-03, 3.4289e-03, 4.9360e-03, 9.5170e-03,\n",
      "           3.3601e-01],\n",
      "          [1.6016e-01, 6.3053e-02, 1.9453e-01, 1.0536e-01, 9.7241e-02,\n",
      "           3.7966e-01],\n",
      "          [1.1377e-01, 1.1168e-01, 4.6685e-01, 5.3005e-02, 1.1357e-01,\n",
      "           1.4112e-01],\n",
      "          [1.1019e-01, 1.4021e-01, 2.3456e-01, 7.8682e-02, 1.6748e-01,\n",
      "           2.6888e-01],\n",
      "          [8.7940e-02, 1.6240e-01, 3.2489e-01, 6.6708e-02, 5.8303e-02,\n",
      "           2.9975e-01],\n",
      "          [2.0875e-01, 4.5996e-03, 7.4818e-03, 2.7064e-03, 2.3545e-03,\n",
      "           7.7411e-01]],\n",
      "\n",
      "         [[6.7129e-01, 4.7679e-02, 5.6062e-02, 8.3800e-02, 8.3438e-02,\n",
      "           5.7730e-02],\n",
      "          [2.1270e-02, 1.4155e-01, 4.3387e-01, 2.7421e-01, 8.6542e-02,\n",
      "           4.2553e-02],\n",
      "          [2.9502e-03, 3.7237e-01, 9.0731e-02, 3.9338e-01, 9.0871e-02,\n",
      "           4.9691e-02],\n",
      "          [1.7933e-02, 2.0927e-01, 2.3346e-01, 2.4072e-01, 1.6106e-01,\n",
      "           1.3756e-01],\n",
      "          [3.5787e-02, 1.7663e-01, 2.1633e-01, 2.2638e-01, 1.5409e-01,\n",
      "           1.9078e-01],\n",
      "          [1.7148e-02, 7.6392e-02, 3.0157e-01, 3.9147e-01, 1.8983e-01,\n",
      "           2.3592e-02]],\n",
      "\n",
      "         [[3.7313e-01, 1.2763e-01, 5.7909e-02, 1.0213e-01, 1.3445e-01,\n",
      "           2.0475e-01],\n",
      "          [9.7611e-02, 5.4114e-02, 2.4738e-01, 1.4092e-01, 3.1610e-01,\n",
      "           1.4388e-01],\n",
      "          [3.3572e-02, 7.5797e-02, 5.1404e-01, 9.0569e-02, 2.0014e-01,\n",
      "           8.5884e-02],\n",
      "          [4.2324e-02, 2.6988e-01, 1.6207e-01, 9.1677e-02, 1.8813e-01,\n",
      "           2.4592e-01],\n",
      "          [5.6430e-02, 1.9659e-01, 1.9142e-01, 1.4128e-01, 1.9692e-01,\n",
      "           2.1735e-01],\n",
      "          [8.7579e-02, 2.2133e-01, 7.9260e-02, 2.3725e-01, 2.5238e-01,\n",
      "           1.2220e-01]],\n",
      "\n",
      "         [[8.9652e-01, 1.3478e-02, 1.1551e-02, 1.8818e-02, 2.8576e-02,\n",
      "           3.1055e-02],\n",
      "          [2.7826e-02, 3.6195e-02, 5.3148e-01, 1.2505e-01, 2.0019e-01,\n",
      "           7.9250e-02],\n",
      "          [2.4130e-03, 1.1684e-01, 2.6489e-02, 6.6067e-01, 9.8751e-02,\n",
      "           9.4834e-02],\n",
      "          [1.7370e-03, 2.3433e-02, 1.1281e-01, 2.8218e-02, 6.4015e-01,\n",
      "           1.9366e-01],\n",
      "          [3.0731e-03, 1.2539e-02, 2.9234e-02, 4.4017e-02, 3.9387e-02,\n",
      "           8.7175e-01],\n",
      "          [3.4697e-01, 1.3345e-03, 2.1207e-02, 2.8910e-02, 2.0238e-01,\n",
      "           3.9919e-01]],\n",
      "\n",
      "         [[3.3281e-02, 1.5503e-01, 1.7873e-01, 3.1192e-02, 1.3311e-02,\n",
      "           5.8846e-01],\n",
      "          [1.4098e-01, 7.0578e-02, 2.1058e-01, 6.2386e-02, 1.1079e-01,\n",
      "           4.0469e-01],\n",
      "          [1.0651e-02, 1.3247e-01, 1.2306e-01, 3.4227e-01, 2.8839e-01,\n",
      "           1.0315e-01],\n",
      "          [1.5537e-02, 9.8485e-02, 3.7156e-02, 5.7411e-01, 1.8732e-01,\n",
      "           8.7400e-02],\n",
      "          [9.2663e-03, 1.3313e-01, 4.7138e-02, 5.7596e-01, 1.4602e-01,\n",
      "           8.8484e-02],\n",
      "          [9.5543e-03, 1.5591e-02, 1.2250e-02, 1.0974e-02, 2.3648e-02,\n",
      "           9.2798e-01]],\n",
      "\n",
      "         [[5.9770e-01, 1.6563e-01, 3.0444e-02, 5.7520e-02, 3.1924e-02,\n",
      "           1.1678e-01],\n",
      "          [5.0630e-03, 3.0445e-02, 2.5474e-01, 1.0980e-01, 3.2344e-01,\n",
      "           2.7652e-01],\n",
      "          [1.7949e-02, 8.5118e-02, 1.1338e-01, 1.8743e-01, 2.0591e-01,\n",
      "           3.9021e-01],\n",
      "          [7.8759e-03, 2.8708e-02, 7.8248e-02, 5.2059e-02, 5.9253e-01,\n",
      "           2.4058e-01],\n",
      "          [1.2681e-02, 1.1502e-01, 1.8366e-01, 1.3561e-01, 2.5953e-01,\n",
      "           2.9350e-01],\n",
      "          [5.4613e-01, 1.0875e-01, 8.5160e-02, 5.7142e-02, 8.8205e-02,\n",
      "           1.1461e-01]],\n",
      "\n",
      "         [[8.8129e-01, 3.1176e-04, 2.2096e-04, 4.3299e-04, 2.9645e-03,\n",
      "           1.1478e-01],\n",
      "          [1.1867e-02, 1.7294e-01, 2.9641e-02, 2.5620e-01, 1.2815e-01,\n",
      "           4.0120e-01],\n",
      "          [4.3324e-03, 3.6508e-01, 1.7117e-02, 2.7150e-01, 1.7493e-01,\n",
      "           1.6704e-01],\n",
      "          [1.1207e-02, 6.7124e-02, 5.4508e-02, 1.9968e-01, 1.4491e-01,\n",
      "           5.2257e-01],\n",
      "          [1.5505e-02, 2.9179e-02, 2.8671e-02, 1.7549e-01, 5.0951e-02,\n",
      "           7.0021e-01],\n",
      "          [3.9577e-02, 6.0578e-03, 8.0489e-03, 1.1069e-02, 7.1841e-02,\n",
      "           8.6341e-01]],\n",
      "\n",
      "         [[1.0109e-01, 9.1762e-02, 1.7018e-01, 1.6808e-01, 3.6581e-01,\n",
      "           1.0308e-01],\n",
      "          [3.5792e-01, 4.6492e-02, 1.8042e-01, 1.2751e-01, 8.4322e-02,\n",
      "           2.0333e-01],\n",
      "          [2.1253e-01, 8.1870e-02, 1.5012e-01, 1.8281e-01, 1.3123e-01,\n",
      "           2.4144e-01],\n",
      "          [2.4305e-01, 1.0090e-01, 1.9198e-01, 1.0570e-01, 9.9922e-02,\n",
      "           2.5846e-01],\n",
      "          [2.0171e-01, 5.0177e-02, 1.4510e-01, 9.7270e-02, 1.3643e-01,\n",
      "           3.6932e-01],\n",
      "          [1.5129e-01, 3.8421e-02, 1.1486e-01, 1.2829e-01, 1.5836e-01,\n",
      "           4.0877e-01]],\n",
      "\n",
      "         [[9.9660e-01, 2.5417e-04, 5.5117e-04, 5.3270e-04, 1.4662e-03,\n",
      "           5.9931e-04],\n",
      "          [2.9623e-02, 8.2973e-02, 8.7096e-02, 1.9629e-01, 1.1099e-01,\n",
      "           4.9303e-01],\n",
      "          [2.5565e-02, 8.1592e-02, 6.7814e-02, 1.8855e-01, 1.0179e-01,\n",
      "           5.3469e-01],\n",
      "          [4.2520e-02, 8.5349e-02, 5.9435e-02, 1.1796e-01, 2.1003e-01,\n",
      "           4.8471e-01],\n",
      "          [1.9321e-02, 5.7343e-02, 2.7075e-02, 2.7614e-01, 4.6194e-01,\n",
      "           1.5817e-01],\n",
      "          [5.5979e-01, 1.4824e-02, 3.0978e-02, 3.9397e-02, 2.8059e-01,\n",
      "           7.4419e-02]],\n",
      "\n",
      "         [[2.4537e-01, 8.0635e-02, 1.7760e-01, 1.5134e-01, 1.7658e-01,\n",
      "           1.6847e-01],\n",
      "          [3.2422e-02, 5.2530e-02, 2.1027e-01, 2.0925e-01, 4.5098e-01,\n",
      "           4.4540e-02],\n",
      "          [1.9227e-02, 9.3256e-02, 1.1932e-01, 2.8906e-01, 4.4907e-01,\n",
      "           3.0058e-02],\n",
      "          [3.2778e-02, 1.8040e-01, 1.2700e-01, 9.2396e-02, 5.1708e-01,\n",
      "           5.0340e-02],\n",
      "          [2.7187e-02, 1.9100e-01, 2.2972e-01, 3.0567e-01, 2.1632e-01,\n",
      "           3.0097e-02],\n",
      "          [2.2317e-02, 1.8536e-01, 3.1564e-01, 2.3119e-01, 2.2794e-01,\n",
      "           1.7554e-02]],\n",
      "\n",
      "         [[8.2892e-01, 2.0878e-02, 1.3619e-02, 5.5488e-03, 1.0966e-02,\n",
      "           1.2007e-01],\n",
      "          [8.3548e-01, 6.2974e-02, 2.5670e-02, 2.8056e-02, 2.7872e-02,\n",
      "           1.9953e-02],\n",
      "          [7.3094e-01, 4.8955e-02, 2.5063e-02, 1.1849e-01, 4.9617e-02,\n",
      "           2.6939e-02],\n",
      "          [5.5544e-01, 6.3349e-02, 1.3823e-02, 2.6630e-01, 7.0206e-02,\n",
      "           3.0885e-02],\n",
      "          [8.0334e-01, 2.5463e-02, 1.3913e-02, 2.4731e-02, 1.1856e-01,\n",
      "           1.3996e-02],\n",
      "          [8.4007e-01, 3.2220e-02, 1.6238e-02, 7.6951e-03, 1.5050e-02,\n",
      "           8.8731e-02]],\n",
      "\n",
      "         [[5.8417e-06, 4.2566e-05, 2.9004e-04, 1.8940e-05, 3.2609e-06,\n",
      "           9.9964e-01],\n",
      "          [3.8443e-02, 1.4749e-01, 6.3250e-02, 3.4634e-01, 3.6123e-01,\n",
      "           4.3259e-02],\n",
      "          [9.6829e-02, 4.0005e-01, 1.3954e-02, 2.3212e-01, 2.4674e-01,\n",
      "           1.0300e-02],\n",
      "          [6.5418e-02, 1.7146e-01, 5.4439e-02, 6.0798e-01, 6.3685e-02,\n",
      "           3.7016e-02],\n",
      "          [1.4540e-01, 1.7979e-01, 8.5641e-02, 1.8227e-01, 3.8400e-01,\n",
      "           2.2901e-02],\n",
      "          [3.4423e-01, 2.5555e-01, 7.4904e-02, 1.7190e-01, 7.8572e-02,\n",
      "           7.4844e-02]]]], grad_fn=<SoftmaxBackward0>), tensor([[[[8.8397e-01, 1.2299e-02, 7.4348e-03, 1.3084e-02, 2.2851e-02,\n",
      "           6.0366e-02],\n",
      "          [3.7165e-01, 6.1417e-02, 1.2809e-02, 8.8276e-02, 1.1206e-01,\n",
      "           3.5378e-01],\n",
      "          [5.6439e-01, 4.2982e-02, 1.0385e-02, 6.1228e-02, 7.4963e-02,\n",
      "           2.4605e-01],\n",
      "          [3.1567e-01, 9.8166e-02, 2.6172e-02, 1.0054e-01, 1.3934e-01,\n",
      "           3.2011e-01],\n",
      "          [3.9361e-01, 1.1026e-01, 2.5583e-02, 8.2328e-02, 1.2720e-01,\n",
      "           2.6102e-01],\n",
      "          [8.0651e-01, 8.5190e-03, 1.5417e-03, 4.4143e-03, 1.6629e-02,\n",
      "           1.6238e-01]],\n",
      "\n",
      "         [[8.4321e-01, 1.8446e-02, 1.8295e-02, 2.3592e-02, 4.2969e-02,\n",
      "           5.3491e-02],\n",
      "          [2.4860e-01, 1.3805e-02, 7.8086e-02, 3.1689e-01, 1.9532e-01,\n",
      "           1.4730e-01],\n",
      "          [2.2797e-01, 1.9459e-02, 2.5899e-02, 8.0830e-02, 3.0732e-01,\n",
      "           3.3853e-01],\n",
      "          [2.1153e-01, 8.9748e-03, 8.3052e-03, 1.9334e-03, 9.6040e-02,\n",
      "           6.7322e-01],\n",
      "          [5.4285e-01, 5.2755e-03, 1.1399e-02, 5.3512e-03, 3.1376e-02,\n",
      "           4.0375e-01],\n",
      "          [9.4517e-01, 2.5262e-04, 6.8782e-04, 2.0426e-03, 8.7354e-03,\n",
      "           4.3113e-02]],\n",
      "\n",
      "         [[8.3242e-01, 3.0950e-02, 2.4575e-02, 1.2862e-02, 5.3882e-02,\n",
      "           4.5309e-02],\n",
      "          [9.7163e-01, 6.5000e-03, 6.8868e-03, 1.4358e-03, 7.0785e-03,\n",
      "           6.4734e-03],\n",
      "          [7.9088e-01, 1.5914e-01, 6.1827e-03, 2.4641e-02, 1.3597e-02,\n",
      "           5.5678e-03],\n",
      "          [7.5240e-01, 1.1280e-02, 1.5039e-01, 8.8772e-04, 2.0068e-02,\n",
      "           6.4971e-02],\n",
      "          [8.8792e-01, 4.8396e-03, 3.9380e-02, 1.5801e-02, 1.5124e-02,\n",
      "           3.6940e-02],\n",
      "          [7.6136e-01, 6.5048e-04, 3.6935e-03, 1.5465e-03, 1.0697e-01,\n",
      "           1.2578e-01]],\n",
      "\n",
      "         [[7.3365e-01, 2.9068e-02, 4.2672e-02, 2.6924e-02, 3.8958e-02,\n",
      "           1.2873e-01],\n",
      "          [3.2528e-01, 5.1080e-03, 6.1247e-01, 4.7816e-03, 6.1077e-03,\n",
      "           4.6252e-02],\n",
      "          [3.5389e-01, 7.8097e-03, 1.1315e-02, 5.6221e-01, 3.0634e-02,\n",
      "           3.4137e-02],\n",
      "          [2.4408e-01, 2.6903e-03, 1.2898e-02, 4.6231e-03, 6.6411e-01,\n",
      "           7.1606e-02],\n",
      "          [2.2318e-01, 1.7270e-03, 1.9931e-03, 2.8092e-04, 1.1667e-02,\n",
      "           7.6115e-01],\n",
      "          [8.1311e-01, 8.5337e-04, 5.6649e-03, 7.8604e-04, 3.5499e-03,\n",
      "           1.7604e-01]],\n",
      "\n",
      "         [[8.1562e-01, 2.1916e-02, 1.5208e-02, 1.1635e-02, 3.8083e-02,\n",
      "           9.7534e-02],\n",
      "          [9.4526e-01, 9.4775e-03, 1.1236e-02, 2.6118e-03, 2.8499e-02,\n",
      "           2.9173e-03],\n",
      "          [1.3038e-01, 8.0249e-01, 2.4603e-02, 8.6620e-04, 4.4008e-03,\n",
      "           3.7258e-02],\n",
      "          [1.3710e-02, 3.8210e-04, 9.8442e-01, 8.3400e-04, 3.7465e-04,\n",
      "           2.7992e-04],\n",
      "          [9.0141e-01, 1.5202e-03, 6.6222e-03, 5.8604e-02, 2.5759e-02,\n",
      "           6.0826e-03],\n",
      "          [7.2563e-01, 2.9356e-04, 1.2693e-04, 9.0914e-04, 2.4442e-01,\n",
      "           2.8617e-02]],\n",
      "\n",
      "         [[6.8317e-01, 6.7732e-03, 4.9934e-03, 6.2741e-03, 1.7457e-02,\n",
      "           2.8133e-01],\n",
      "          [2.0840e-01, 5.7944e-02, 1.4555e-01, 2.0655e-02, 2.3691e-01,\n",
      "           3.3055e-01],\n",
      "          [4.9168e-01, 1.6257e-02, 8.7291e-03, 3.4373e-02, 5.7079e-02,\n",
      "           3.9188e-01],\n",
      "          [1.9859e-01, 6.0566e-02, 1.2817e-01, 9.4918e-03, 1.4250e-01,\n",
      "           4.6068e-01],\n",
      "          [1.8705e-01, 4.3330e-02, 1.2676e-01, 4.8017e-02, 3.4563e-02,\n",
      "           5.6028e-01],\n",
      "          [6.9724e-01, 4.0148e-03, 1.1464e-02, 5.1794e-03, 1.6740e-02,\n",
      "           2.6536e-01]],\n",
      "\n",
      "         [[3.5303e-01, 5.6200e-02, 1.0066e-01, 8.4829e-02, 1.2824e-01,\n",
      "           2.7705e-01],\n",
      "          [6.3482e-01, 4.7812e-03, 1.9920e-02, 1.7745e-03, 2.3126e-02,\n",
      "           3.1557e-01],\n",
      "          [6.2411e-01, 3.9798e-03, 2.6814e-02, 3.7117e-03, 1.4871e-02,\n",
      "           3.2651e-01],\n",
      "          [4.9641e-01, 3.9923e-03, 2.6374e-02, 2.2223e-03, 1.0197e-02,\n",
      "           4.6080e-01],\n",
      "          [6.0731e-01, 7.8844e-03, 5.7693e-02, 8.3469e-03, 2.1801e-02,\n",
      "           2.9696e-01],\n",
      "          [8.4470e-01, 9.2148e-03, 6.1335e-03, 6.9051e-03, 2.4299e-02,\n",
      "           1.0875e-01]],\n",
      "\n",
      "         [[9.2044e-01, 1.3172e-02, 1.2095e-02, 9.3786e-03, 1.9344e-02,\n",
      "           2.5571e-02],\n",
      "          [9.8502e-01, 4.6030e-03, 2.8200e-03, 1.3391e-03, 1.8566e-03,\n",
      "           4.3590e-03],\n",
      "          [9.4173e-01, 2.8660e-02, 7.8704e-03, 2.2652e-03, 1.5687e-02,\n",
      "           3.7829e-03],\n",
      "          [8.1143e-01, 7.3898e-02, 4.8060e-02, 1.6814e-02, 2.1343e-02,\n",
      "           2.8459e-02],\n",
      "          [7.4681e-01, 7.5335e-02, 9.8210e-02, 1.4734e-02, 2.6460e-02,\n",
      "           3.8450e-02],\n",
      "          [9.8127e-01, 1.3554e-03, 2.3207e-03, 1.3888e-03, 5.7580e-03,\n",
      "           7.9107e-03]],\n",
      "\n",
      "         [[6.2214e-01, 5.8003e-02, 4.7123e-02, 4.1345e-02, 8.9053e-02,\n",
      "           1.4234e-01],\n",
      "          [8.9249e-01, 3.2919e-03, 2.2255e-03, 9.7173e-03, 5.2195e-03,\n",
      "           8.7059e-02],\n",
      "          [8.0059e-01, 6.2195e-03, 4.9542e-03, 1.8638e-02, 2.7985e-02,\n",
      "           1.4162e-01],\n",
      "          [7.0944e-01, 4.4877e-02, 1.2334e-02, 2.2724e-02, 1.7244e-02,\n",
      "           1.9338e-01],\n",
      "          [8.8109e-01, 9.1979e-03, 8.3079e-03, 7.4866e-03, 3.3197e-03,\n",
      "           9.0599e-02],\n",
      "          [7.0121e-01, 2.8542e-02, 1.9789e-02, 3.6228e-02, 3.7787e-02,\n",
      "           1.7645e-01]],\n",
      "\n",
      "         [[6.7487e-01, 2.9853e-02, 2.8355e-02, 3.3756e-02, 6.0663e-02,\n",
      "           1.7250e-01],\n",
      "          [5.1916e-01, 5.5265e-03, 3.2496e-02, 4.2231e-02, 2.0241e-01,\n",
      "           1.9818e-01],\n",
      "          [5.8392e-01, 1.1848e-02, 1.9945e-02, 3.1030e-02, 2.3744e-01,\n",
      "           1.1582e-01],\n",
      "          [7.2526e-01, 1.0462e-02, 3.0524e-02, 3.2487e-02, 1.1367e-01,\n",
      "           8.7600e-02],\n",
      "          [7.2302e-01, 1.7035e-02, 3.5860e-02, 5.3199e-02, 1.1639e-01,\n",
      "           5.4490e-02],\n",
      "          [7.1036e-01, 1.0159e-02, 2.6388e-02, 4.1627e-02, 6.0481e-02,\n",
      "           1.5098e-01]],\n",
      "\n",
      "         [[7.3139e-01, 3.1043e-03, 3.9186e-03, 1.6827e-03, 3.4730e-02,\n",
      "           2.2517e-01],\n",
      "          [7.7385e-01, 1.3708e-02, 1.6292e-02, 1.5122e-02, 1.0590e-01,\n",
      "           7.5136e-02],\n",
      "          [8.4499e-01, 1.0293e-02, 2.2418e-03, 2.1150e-02, 6.7948e-02,\n",
      "           5.3374e-02],\n",
      "          [7.6985e-01, 4.0323e-02, 3.5299e-02, 1.9464e-02, 5.2348e-02,\n",
      "           8.2719e-02],\n",
      "          [8.4951e-01, 1.9890e-02, 2.2044e-02, 1.9667e-02, 5.8955e-02,\n",
      "           2.9933e-02],\n",
      "          [3.3236e-01, 6.9163e-02, 1.4899e-01, 7.1345e-02, 2.6170e-01,\n",
      "           1.1645e-01]],\n",
      "\n",
      "         [[7.3811e-01, 7.9728e-02, 6.3374e-02, 2.3770e-02, 4.5973e-02,\n",
      "           4.9048e-02],\n",
      "          [4.6777e-03, 9.1964e-05, 9.9513e-01, 1.0195e-05, 7.5273e-06,\n",
      "           8.3895e-05],\n",
      "          [3.2280e-03, 1.5435e-05, 3.6052e-04, 9.9634e-01, 4.3798e-05,\n",
      "           9.3190e-06],\n",
      "          [5.8774e-03, 3.2910e-05, 4.9670e-06, 9.8095e-04, 9.9282e-01,\n",
      "           2.8661e-04],\n",
      "          [2.5331e-03, 3.6111e-05, 3.0140e-06, 1.7952e-06, 1.1978e-04,\n",
      "           9.9731e-01],\n",
      "          [9.9828e-01, 2.4627e-06, 1.8876e-04, 2.5521e-06, 1.4215e-05,\n",
      "           1.5080e-03]]]], grad_fn=<SoftmaxBackward0>), tensor([[[[5.9718e-01, 2.9852e-02, 2.6984e-02, 6.3436e-02, 6.0416e-02,\n",
      "           2.2213e-01],\n",
      "          [6.0975e-01, 1.0096e-02, 1.2117e-02, 5.4483e-02, 4.6078e-02,\n",
      "           2.6747e-01],\n",
      "          [6.3106e-01, 2.0327e-02, 6.2518e-03, 4.3691e-02, 1.8678e-02,\n",
      "           2.8000e-01],\n",
      "          [5.4379e-01, 2.8238e-02, 2.5453e-02, 1.3085e-02, 6.8314e-02,\n",
      "           3.2112e-01],\n",
      "          [5.7981e-01, 6.3306e-03, 4.4560e-03, 1.5863e-02, 4.6842e-02,\n",
      "           3.4670e-01],\n",
      "          [8.2545e-01, 8.8218e-03, 4.7526e-03, 6.0125e-03, 1.7856e-02,\n",
      "           1.3711e-01]],\n",
      "\n",
      "         [[6.9816e-01, 3.0229e-02, 1.8162e-02, 3.0986e-02, 5.4877e-02,\n",
      "           1.6758e-01],\n",
      "          [7.1362e-01, 7.4697e-02, 3.4155e-02, 3.6933e-02, 8.9875e-03,\n",
      "           1.3161e-01],\n",
      "          [1.0468e-01, 7.4763e-01, 1.6852e-02, 1.2700e-02, 1.4474e-02,\n",
      "           1.0366e-01],\n",
      "          [5.6637e-02, 5.8464e-03, 8.8597e-01, 2.7792e-03, 9.9435e-03,\n",
      "           3.8821e-02],\n",
      "          [2.9923e-01, 1.0598e-01, 5.6032e-02, 4.1280e-01, 4.0391e-02,\n",
      "           8.5568e-02],\n",
      "          [8.6791e-01, 6.3892e-03, 5.9768e-03, 3.1563e-03, 2.7772e-02,\n",
      "           8.8799e-02]],\n",
      "\n",
      "         [[4.7975e-01, 6.9188e-02, 5.7972e-02, 7.5999e-02, 1.4670e-01,\n",
      "           1.7038e-01],\n",
      "          [1.9185e-01, 4.7573e-01, 8.9165e-02, 9.0584e-02, 1.0643e-01,\n",
      "           4.6242e-02],\n",
      "          [4.2002e-01, 1.2096e-01, 1.6259e-01, 9.4724e-02, 7.3802e-02,\n",
      "           1.2789e-01],\n",
      "          [2.3948e-01, 8.6374e-02, 5.7532e-02, 3.9372e-01, 1.2425e-01,\n",
      "           9.8648e-02],\n",
      "          [2.4138e-01, 4.2711e-02, 4.7725e-02, 5.6416e-02, 4.0722e-01,\n",
      "           2.0454e-01],\n",
      "          [5.4719e-01, 2.5298e-02, 3.8200e-02, 2.8187e-02, 4.7101e-02,\n",
      "           3.1402e-01]],\n",
      "\n",
      "         [[5.4367e-01, 1.1506e-02, 8.6107e-02, 1.7292e-02, 3.1523e-01,\n",
      "           2.6192e-02],\n",
      "          [9.9356e-08, 2.5233e-07, 1.0000e+00, 3.2419e-08, 8.0946e-08,\n",
      "           2.5449e-08],\n",
      "          [3.1468e-07, 1.8053e-07, 1.0997e-04, 9.9989e-01, 3.9008e-07,\n",
      "           2.7150e-06],\n",
      "          [1.4730e-05, 7.9634e-07, 7.9601e-06, 3.5230e-06, 9.9997e-01,\n",
      "           4.2182e-06],\n",
      "          [1.6841e-01, 7.1222e-07, 6.9403e-07, 6.8055e-07, 2.2941e-05,\n",
      "           8.3156e-01],\n",
      "          [8.9207e-01, 4.2119e-03, 2.5532e-02, 7.2830e-04, 6.1338e-03,\n",
      "           7.1321e-02]],\n",
      "\n",
      "         [[2.9838e-01, 3.5989e-02, 2.7182e-02, 7.5800e-02, 6.1489e-02,\n",
      "           5.0116e-01],\n",
      "          [3.9970e-02, 3.1184e-02, 6.8738e-02, 3.0519e-02, 7.7726e-01,\n",
      "           5.2327e-02],\n",
      "          [9.3426e-02, 2.2537e-01, 7.3134e-02, 4.1995e-01, 1.3543e-01,\n",
      "           5.2687e-02],\n",
      "          [6.6312e-02, 5.5471e-02, 4.5342e-01, 8.4158e-03, 3.9276e-01,\n",
      "           2.3623e-02],\n",
      "          [2.8444e-01, 1.0117e-01, 6.0272e-02, 8.3493e-02, 1.4546e-02,\n",
      "           4.5609e-01],\n",
      "          [3.0436e-01, 5.3774e-03, 1.8511e-03, 5.4287e-03, 4.1228e-03,\n",
      "           6.7886e-01]],\n",
      "\n",
      "         [[2.2890e-01, 6.6698e-02, 2.3259e-02, 6.7193e-03, 5.5064e-02,\n",
      "           6.1936e-01],\n",
      "          [1.3749e-01, 4.8947e-01, 2.1486e-04, 2.1022e-04, 9.0848e-04,\n",
      "           3.7171e-01],\n",
      "          [2.1454e-01, 7.2544e-04, 7.5434e-02, 1.0612e-04, 5.2977e-04,\n",
      "           7.0866e-01],\n",
      "          [3.4588e-01, 1.5379e-02, 6.5015e-03, 5.5757e-02, 2.4321e-03,\n",
      "           5.7405e-01],\n",
      "          [2.3519e-01, 5.6111e-02, 1.0503e-03, 3.2658e-04, 2.1433e-01,\n",
      "           4.9299e-01],\n",
      "          [2.7397e-01, 3.2639e-02, 7.0193e-02, 8.1267e-03, 3.8216e-02,\n",
      "           5.7685e-01]],\n",
      "\n",
      "         [[2.3207e-01, 5.6673e-02, 7.0332e-02, 7.5245e-02, 4.7568e-02,\n",
      "           5.1811e-01],\n",
      "          [5.0204e-01, 2.1690e-02, 4.7692e-02, 3.4066e-02, 1.6499e-02,\n",
      "           3.7801e-01],\n",
      "          [2.3622e-01, 2.5000e-02, 4.6170e-02, 9.8824e-02, 2.8754e-01,\n",
      "           3.0625e-01],\n",
      "          [4.3571e-01, 7.4300e-02, 9.2175e-02, 5.0488e-02, 4.6901e-02,\n",
      "           3.0042e-01],\n",
      "          [4.2759e-01, 2.9052e-02, 6.4257e-02, 1.5331e-02, 1.4867e-02,\n",
      "           4.4891e-01],\n",
      "          [5.8597e-01, 1.0676e-02, 3.3487e-03, 2.6366e-03, 2.5887e-03,\n",
      "           3.9478e-01]],\n",
      "\n",
      "         [[6.4777e-01, 1.0380e-02, 4.8300e-03, 8.2591e-03, 1.2370e-02,\n",
      "           3.1639e-01],\n",
      "          [4.0625e-01, 1.8971e-02, 1.4077e-02, 2.8900e-02, 1.0243e-02,\n",
      "           5.2156e-01],\n",
      "          [4.5743e-01, 3.1471e-02, 4.7433e-02, 3.6015e-02, 3.1359e-02,\n",
      "           3.9629e-01],\n",
      "          [3.6025e-01, 5.6916e-02, 2.1725e-01, 5.9086e-02, 6.5577e-02,\n",
      "           2.4092e-01],\n",
      "          [4.0816e-01, 3.5173e-02, 1.5435e-02, 2.6719e-02, 1.0492e-02,\n",
      "           5.0403e-01],\n",
      "          [3.8275e-01, 2.0910e-02, 2.5038e-03, 3.0184e-03, 1.2178e-02,\n",
      "           5.7864e-01]],\n",
      "\n",
      "         [[1.4753e-01, 1.4191e-01, 9.7157e-02, 1.5356e-01, 3.1114e-01,\n",
      "           1.4870e-01],\n",
      "          [2.6657e-01, 2.1462e-02, 4.7543e-02, 1.3345e-02, 2.3249e-01,\n",
      "           4.1859e-01],\n",
      "          [3.7527e-01, 1.1051e-02, 1.2073e-01, 9.4187e-03, 4.0286e-02,\n",
      "           4.4324e-01],\n",
      "          [3.8033e-01, 2.7390e-02, 1.2496e-01, 3.6776e-02, 4.7937e-02,\n",
      "           3.8261e-01],\n",
      "          [4.5281e-01, 4.4021e-02, 3.7996e-02, 2.2118e-02, 9.5402e-02,\n",
      "           3.4766e-01],\n",
      "          [3.7689e-01, 2.5222e-02, 1.2885e-02, 1.2940e-02, 2.7349e-02,\n",
      "           5.4471e-01]],\n",
      "\n",
      "         [[4.5478e-01, 4.7117e-02, 2.2754e-02, 2.2711e-02, 3.4882e-02,\n",
      "           4.1775e-01],\n",
      "          [2.9149e-01, 6.9145e-02, 2.7311e-01, 1.1926e-01, 1.2996e-01,\n",
      "           1.1704e-01],\n",
      "          [4.6003e-01, 6.6793e-02, 2.3858e-02, 1.6200e-01, 6.7306e-02,\n",
      "           2.2001e-01],\n",
      "          [2.9356e-01, 3.0792e-01, 4.5601e-02, 7.8952e-02, 4.5736e-02,\n",
      "           2.2823e-01],\n",
      "          [4.0709e-01, 1.3269e-01, 3.8572e-02, 3.4632e-02, 1.4442e-01,\n",
      "           2.4260e-01],\n",
      "          [4.1996e-01, 1.1716e-02, 3.5583e-03, 4.8546e-03, 1.3381e-02,\n",
      "           5.4653e-01]],\n",
      "\n",
      "         [[4.8885e-01, 9.2177e-03, 1.2947e-02, 2.1057e-02, 2.6667e-02,\n",
      "           4.4126e-01],\n",
      "          [1.1199e-01, 1.0524e-01, 3.5745e-01, 7.5533e-02, 1.0393e-01,\n",
      "           2.4586e-01],\n",
      "          [1.9706e-01, 2.2849e-01, 4.7708e-02, 6.0421e-02, 9.0362e-02,\n",
      "           3.7596e-01],\n",
      "          [5.3897e-02, 4.8856e-01, 2.0095e-01, 3.6720e-02, 1.2297e-01,\n",
      "           9.6908e-02],\n",
      "          [2.1166e-01, 1.3170e-01, 8.4855e-02, 3.2756e-02, 4.0233e-02,\n",
      "           4.9880e-01],\n",
      "          [7.0147e-01, 3.2665e-04, 2.0009e-04, 2.2255e-04, 1.9188e-03,\n",
      "           2.9586e-01]],\n",
      "\n",
      "         [[2.0300e-01, 5.9273e-02, 8.8992e-02, 1.9520e-01, 4.3674e-01,\n",
      "           1.6791e-02],\n",
      "          [3.5136e-01, 7.9355e-02, 7.9251e-02, 3.8684e-02, 1.3366e-01,\n",
